0    0.000524363
1.485661073e-11    0.000880897
4.858513071e-11    0.00542833
6.802727999e-11    0.014888
6.941179749e-11    0.0168219
7.104195877e-11    0.0190458
7.271539794e-11    0.0214563
7.451867769e-11    0.0244181
7.613321258e-11    0.0267394
7.75141288e-11    0.0291959
8.191492103e-11    0.0353412
8.604082898e-11    0.0414029
8.692523958e-11    0.0430429
8.783649676e-11    0.0443878
8.872731196e-11    0.0457133
8.957004756e-11    0.0470253
9.040636469e-11    0.0483221
9.124910029e-11    0.0495481
9.209743558e-11    0.0506777
9.293335719e-11    0.0516423
9.37484413e-11    0.0524709
9.456592627e-11    0.0531873
9.5393431e-11    0.0537877
9.621051351e-11    0.0542672
9.701357946e-11    0.0546571
1.010380963e-10    0.0555067
1.050493876e-10    0.0557078
1.058259955e-10    0.0557078
1.085879182e-10    0.055694
1.113532964e-10    0.0554159
1.121430813e-10    0.0552094
1.129341568e-10    0.0549266
1.137305684e-10    0.0545669
1.145327323e-10    0.0541447
1.153365962e-10    0.0536718
1.161397385e-10    0.0531607
1.169389186e-10    0.0525884
1.177527537e-10    0.0519596
1.18666953e-10    0.0512156
1.198255262e-10    0.0503608
1.231963576e-10    0.0494046
1.266488598e-10    0.0484124
1.281378493e-10    0.0470782
1.296482106e-10    0.0451926
1.310835208e-10    0.0430154
1.324052829e-10    0.0386881
1.337669853e-10    0.0335291
1.352359353e-10    0.0291952
1.365746422e-10    0.0265996
1.381499654e-10    0.0239269
1.396980465e-10    0.0213138
1.409422457e-10    0.0191282
1.424288344e-10    0.01679
1.441470016e-10    0.0146397
1.486173146e-10    0.011386
1.530533356e-10    0.0090391
1.555310065e-10    0.00755266
1.851044058e-10    0.00352145
2.275761125e-10    0.000508336
2.477017497e-10    0.0025139
2.599299404e-10    0.0025139
3.062353721e-10    0.0103314
3.277989841e-10    0.011397
3.294350643e-10    0.00962169
3.31201901e-10    0.00792022
3.330792326e-10    0.00673064
3.427284862e-10    0.00350486
3.528523047e-10    0.00373004
3.55848297e-10    0.00502855
3.587709869e-10    0.00749839
3.617579309e-10    0.0117111
3.644371211e-10    0.0161194
3.668044497e-10    0.0214741
3.691390544e-10    0.0268635
3.711099501e-10    0.028734
3.729121196e-10    0.0304796
3.742479677e-10    0.031057
3.75369626e-10    0.0320988
3.773273378e-10    0.0334918
3.801249055e-10    0.0347184
3.833452184e-10    0.0351977
3.867075566e-10    0.0352477
3.903009877e-10    0.0352477
3.94363155e-10    0.0352068
3.984959602e-10    0.0345917
4.02706259e-10    0.0324987
4.052941611e-10    0.0318206
4.066638987e-10    0.0302392
4.08752367e-10    0.0278276
4.107932623e-10    0.0249913
4.124147152e-10    0.0218984
4.133863269e-10    0.0210993
4.140344196e-10    0.0195712
4.150381167e-10    0.0176988
4.161834505e-10    0.0159944
4.175219354e-10    0.0139791
4.190442455e-10    0.0122455
4.20649517e-10    0.0105772
4.226189138e-10    0.0087288
4.245403491e-10    0.00762728
4.262606951e-10    0.0065576
4.722439679e-10    0.0015999
5.190327074e-10    0.000441548
4.187418303e-09    0.000441548
4.795993271e-09    0.000508152
2.588322834e-08    0.000508336
